
Consensus Sequence: dKhGCGTGh
A: [40.51343240527031, 10.877470982533044, 21.7165707818416, 2.5465132509466635, 0.0, 3.441039751299748, 0.0, 0.0, 43.07922333291745]
C: [18.259112547756697, 11.870876719950774, 43.883079837598544, 1.3171620263517245, 150.35847450464382, 0.7902972158110341, 3.441039751299748, 0.0, 66.87558226865211]
G: [56.41253757072521, 34.66312982331297, 20.706746561638717, 145.8637051322628, 1.4927836298652875, 149.37613720253387, 0.7024864140542533, 153.95871737667187, 16.159862546986584]
T: [38.77363485291994, 96.54723985087516, 67.6523201955933, 4.231336967110781, 2.1074592421627525, 0.3512432070271259, 149.81519121131782, 0.0, 27.844049228115868]
