
Consensus Sequence: dWTTAAWYvRdWWYAAAWYWWW
A: [17.2470094123503, 30.102534433704008, 4.967530762660428, 6.974366391574009, 42.14354820718558, 41.1896887023524, 21.022215793969202, 0.0, 12.994873278314792, 22.0751919180496, 20.068356289135977, 32.20848668186476, 6.020506886740784, 7.073483010821184, 32.109370062617586, 33.16234618669799, 42.14354820718558, 18.061520660222396, 5.066647381907604, 23.029051422882826, 27.04272268071003, 29.38713980507909]
C: [4.252136134035501, 4.0136712578272, 0.0, 0.0, 2.006835628913598, 2.960695133746813, 0.0, 18.061520660222396, 8.027342515654407, 2.006835628913598, 2.006835628913598, 0.0, 2.006835628913598, 25.13500367104358, 0.0, 2.006835628913598, 0.0, 0.0, 6.020506886740784, 6.020506886740784, 3.0598117529939888, 0.23846487620830295]
G: [14.385430897850675, 0.0, 0.0, 0.0, 0.0, 0.0, 1.0529761240803868, 10.034178144567989, 19.114496784302798, 16.054685031308814, 6.974366391574009, 4.0136712578272, 4.0136712578272, 2.006835628913598, 0.0, 0.0, 0.0, 2.006835628913598, 4.0136712578272, 1.0529761240803868, 0.0, 3.2982766292022903]
T: [8.265807391862715, 10.034178144567989, 39.18285307343877, 37.17601744452519, 0.0, 0.0, 22.0751919180496, 16.054685031308814, 4.0136712578272, 4.0136712578272, 15.100825526475592, 7.928225896407232, 32.109370062617586, 9.935061525320812, 12.041013773481613, 8.981202020487633, 2.006835628913598, 24.08202754696318, 29.049558309623606, 14.047849402395194, 14.047849402395194, 11.226502525609519]
