
Consensus Sequence: GSCYGRGGRv
A: [1.1032028469750899, 0.0, 0.0, 3.1992882562277707, 2.096085409252672, 9.156583629893245, 1.9857651245551626, 0.0, 5.322953736654817, 6.205516014234896]
C: [0.0, 18.092526690391498, 26.9181494661922, 15.996441281138825, 0.9928825622775828, 8.82562277580073, 0.9928825622775828, 0.0, 3.447508896797164, 12.493772241992913]
G: [21.8434163701068, 6.839857651245552, 0.0, 0.0, 24.822064056939556, 9.928825622775827, 23.829181494661952, 27.9110320284698, 18.892348754448427, 7.088078291814974]
T: [4.9644128113879, 2.9786476868327507, 0.9928825622775828, 8.715302491103234, 0.0, 0.0, 1.1032028469750899, 0.0, 0.24822064056939552, 2.123665480427049]
