
Consensus Sequence: hnnGGWWnddWWGGdbWh
A: [16.428571428571484, 7.51020408163268, 5.632653061224489, 1.877551020408166, 0.0, 13.14285714285717, 15.959183673469415, 15.02040816326536, 14.081632653061265, 21.591836734693945, 15.959183673469415, 9.38775510204083, 0.0, 0.0, 9.38775510204083, 2.8163265306122534, 18.77551020408166, 16.663265306122497]
C: [10.795918367346953, 7.51020408163268, 5.632653061224489, 0.0, 0.0, 1.877551020408166, 3.755102040816336, 5.632653061224489, 2.8163265306122534, 3.755102040816336, 1.877551020408166, 5.632653061224489, 0.938775510204083, 0.0, 3.755102040816336, 7.51020408163268, 0.938775510204083, 11.030612244898006]
G: [5.1632653061224625, 5.632653061224489, 8.448979591836776, 36.612244897959265, 33.79591836734698, 0.938775510204083, 0.938775510204083, 5.632653061224489, 5.632653061224489, 5.632653061224489, 2.8163265306122534, 2.8163265306122534, 36.612244897959265, 40.36734693877556, 10.326530612244925, 7.51020408163268, 6.571428571428585, 4.45918367346938]
T: [8.918367346938803, 20.65306122448985, 21.591836734693906, 2.8163265306122534, 7.51020408163268, 25.346938775510242, 20.65306122448985, 15.02040816326536, 18.775510204081698, 10.326530612244925, 20.65306122448985, 23.469387755102094, 3.755102040816336, 0.938775510204083, 17.836734693877606, 23.469387755102094, 15.02040816326536, 9.153061224489816]
