
Consensus Sequence: RGWWCWbndhGTdCYd
A: [40.33851086517265, 7.30753883288394, 54.62307029424947, 98.82942749168932, 2.052679447439309, 94.41825620479551, 11.70027285040406, 41.534514192778495, 51.45440517200126, 22.489827970743118, 2.340054570080812, 13.29382404621505, 31.812352385107843, 17.46621257260776, 10.91271588718541, 31.7227064340186]
C: [4.6930971614443155, 4.4262488332772065, 0.0, 0.7389646010781514, 123.59564012398928, 4.680109140161624, 35.44350548197472, 25.094641343890302, 12.136784782457296, 32.89818296715002, 5.911716808625211, 1.88846509164417, 2.216893803234448, 104.11780169289109, 35.49963661730694, 15.50317907625773]
G: [72.89318757434883, 118.26621233383878, 30.252316005054, 12.233969506738278, 3.530608649595612, 14.01017232771806, 50.140690325640065, 42.833151492756166, 40.36993615582902, 6.72524981440923, 120.27029941913766, 12.465213494047587, 37.59336965369492, 2.5042689258759507, 7.382107237589799, 24.89691217233805]
T: [12.075204399034114, 0.0, 45.124613700696536, 18.19763840049428, 0.8210717789757236, 16.89146232732478, 32.71553134198115, 20.53769297057504, 26.038873889712452, 67.88673924769776, 1.4779292021563029, 102.35249736809331, 58.37738415796274, 5.911716808625211, 76.20554025791786, 57.87720231738562]
