
Consensus Sequence: SCCYGvGGS
A: [2.71070993694396, 0.8412548080170894, 25.374979018159863, 16.00366890672243, 12.67172845344681, 580.8192653818882, 314.993627855286, 31.70261911590809, 76.10296047815636]
C: [610.8228280594221, 1572.1709216737756, 1567.3299836300725, 380.67875401555636, 0.0, 330.4945833477769, 0.591994124160174, 0.569334061991364, 892.9949506634908]
G: [961.1179314333289, 0.654309295124403, 0.2209356061459024, 35.52083959135266, 1416.6773779426205, 628.5870409595249, 1282.2291846878525, 1564.4551705052959, 570.5911328191078]
T: [24.36998554809522, 25.35496920087008, 6.0955567234100245, 1166.8181924641574, 169.67234858172253, 59.120565288600545, 1.2066483104891583, 2.2943312945920677, 59.33241101703383]
