
Consensus Sequence: vGbCCGRGGCnCGY
A: [1.16279069767442, 0.0, 0.0, 0.0, 0.0, 0.0, 1.9767441860465098, 0.0, 0.0, 0.0, 0.930232558139535, 0.0, 0.0, 0.23255813953488352]
C: [2.44186046511628, 0.0, 3.1395348837209305, 5.0, 3.0232558139534897, 0.0, 1.16279069767442, 0.0, 0.0, 4.069767441860465, 1.16279069767442, 4.069767441860465, 0.930232558139535, 1.16279069767442]
G: [1.16279069767442, 5.0, 0.930232558139535, 0.0, 0.0, 5.0, 1.86046511627907, 5.0, 5.0, 0.930232558139535, 1.9767441860465098, 0.930232558139535, 4.069767441860465, 0.23255813953488352]
T: [0.23255813953488352, 0.0, 0.930232558139535, 0.0, 1.9767441860465098, 0.0, 0.0, 0.0, 0.0, 0.0, 0.930232558139535, 0.0, 0.0, 3.372093023255815]
