
Consensus Sequence: vTGAYGThM
A: [26.163990825688145, 0.0, 0.0, 89.7935779816515, 0.9908256880733967, 0.0, 4.830275229357808, 28.23853211009181, 70.56536697247714]
C: [21.705275229357873, 0.0, 2.1055045871559694, 0.0, 69.23394495412856, 2.848623853211014, 8.422018348623878, 46.50688073394505, 8.019495412844057]
G: [33.09977064220193, 0.0, 85.45871559633044, 0.0, 7.059633027522953, 82.98165137614693, 2.229357798165145, 7.1834862385321285, 5.913990825688087]
T: [8.82454128440369, 89.7935779816515, 2.229357798165145, 0.0, 12.509174311926603, 3.9633027522935866, 74.31192660550471, 7.864678899082587, 5.294724770642216]
