
Consensus Sequence: vTRATYGnATTA
A: [13.541814946619212, 1.9857651245551615, 23.93950177935942, 26.91814946619216, 0.0, 0.9928825622775808, 15.003558718861205, 11.032028469750877, 24.04982206405693, 3.088967971530249, 1.9857651245551615, 25.704626334519553]
C: [6.481316725978635, 2.9786476868327387, 0.9928825622775808, 1.9857651245551615, 2.9786476868327387, 7.060498220640578, 0.0, 7.943060498220627, 0.0, 0.0, 0.9928825622775808, 1.7651245551601413]
G: [8.467081850533816, 0.0, 3.088967971530249, 0.0, 0.0, 3.971530249110329, 15.996441281138793, 11.032028469750877, 3.971530249110329, 0.9928825622775808, 0.9928825622775808, 1.7651245551601413]
T: [2.5097864768683276, 26.03558718861208, 2.9786476868327387, 2.096085409252668, 28.02135231316723, 18.975088967971534, 0.0, 0.9928825622775808, 2.9786476868327387, 26.91814946619216, 27.028469750889673, 1.7651245551601413]
