
XML File: AP2B_f1.xml
Consensus Sequence: GSCYGRGGRv
WPCM Scoring
----------------
A: [1.1032028469750899, 0.0, 0.0, 3.1992882562277707, 2.096085409252672, 9.156583629893245, 1.9857651245551626, 0.0, 5.322953736654817, 6.205516014234896]
C: [0.0, 18.092526690391498, 26.9181494661922, 15.996441281138825, 0.9928825622775828, 8.82562277580073, 0.9928825622775828, 0.0, 3.447508896797164, 12.493772241992913]
G: [21.8434163701068, 6.839857651245552, 0.0, 0.0, 24.822064056939556, 9.928825622775827, 23.829181494661952, 27.9110320284698, 18.892348754448427, 7.088078291814974]
T: [4.9644128113879, 2.9786476868327507, 0.9928825622775828, 8.715302491103234, 0.0, 0.0, 1.1032028469750899, 0.0, 0.24822064056939552, 2.123665480427049]

PPM Scoring
----------------
A: [0.0395256916996047, 0.0, 0.0, 0.114624505928854, 0.075098814229249, 0.328063241106719, 0.0711462450592885, 0.0, 0.190711462450593, 0.222332015810277]
C: [0.0, 0.648221343873518, 0.964426877470355, 0.573122529644269, 0.0355731225296443, 0.316205533596838, 0.0355731225296443, 0.0, 0.123517786561265, 0.447628458498024]
G: [0.782608695652174, 0.245059288537549, 0.0, 0.0, 0.889328063241107, 0.355731225296443, 0.853754940711462, 1.0, 0.676877470355731, 0.253952569169961]
T: [0.177865612648221, 0.106719367588933, 0.0355731225296443, 0.312252964426878, 0.0, 0.0, 0.0395256916996047, 0.0, 0.00889328063241107, 0.0760869565217391]

PWM Scoring
----------------
A: [-1.4802685731112213, -2.239022480863647, -2.239022480863647, -0.7819717432508633, -1.0891895105019587, 0.10524098938930977, -1.1258158420815916, -2.239022480863647, -0.37040465955362517, -0.23918906235213086]
C: [-2.239022480863647, 1.0607184552010773, 1.4458505260332277, 0.9424083414554497, -1.3500514510816493, 0.3808845606197496, -1.3500514510816493, -2.239022480863647, -0.4515399316162903, 0.7068471186789703]
G: [1.2427637919032497, 0.1469102767582617, -2.239022480863647, -2.239022480863647, 1.3669000459232796, 0.4905447360147099, 1.327209177073795, 1.4811784923401423, 1.102413401775516, 0.17933051474910025]
T: [-0.4290531133031859, -0.8363243614978533, -1.534909618046164, 0.06069307743471073, -2.239022480863647, -2.239022480863647, -1.4802685731112213, -2.239022480863647, -2.0114782166190244, -1.0802387627226644]
