
XML File: AP2A_f2.xml
Consensus Sequence: SCCYGvGGS
WPCM Scoring
----------------
A: [30.068373481659258, 12.074845458709389, 25.30040822533025, 65.31834409971299, 0.0, 821.5197555834221, 144.82184860187772, 38.30163467421189, 126.34375165211642]
C: [764.2998740268109, 1790.4504208186404, 1749.190191550922, 418.8412744103452, 0.0, 296.74927120687806, 29.894166418491032, 28.531639765083884, 1035.5405579040066]
G: [1082.8764210378436, 97.04819113614026, 81.25908922282737, 169.3966729531105, 1742.2949002951593, 741.9393838213434, 1745.5304977996002, 1859.2879131516827, 698.2893691025022]
T: [52.495499430516126, 30.16671056334533, 73.99047897775678, 1276.183876513663, 187.44526768167702, 69.53175736518443, 9.493655156866858, 3.618980385856917, 69.56648931820453]

PPM Scoring
----------------
A: [0.0155815658401221, 0.00625723901024916, 0.0131107848845037, 0.033848258529123, 0.0, 0.425715217631976, 0.0750473307262455, 0.0198480786739118, 0.0654718981077008]
C: [0.396063618672619, 0.927819429024881, 0.906438193378542, 0.217045424747242, 0.0, 0.153776801732844, 0.0154912909595661, 0.0147852235438499, 0.536621756176472]
G: [0.561151412510187, 0.050290807408485, 0.0421088240641333, 0.087782114796682, 0.902865022559907, 0.384476312476412, 0.904541723681713, 0.963491325933786, 0.361856679303411]
T: [0.0272034029770719, 0.0156325245563876, 0.0383421976728243, 0.661324201926954, 0.0971349774400963, 0.036031668158767, 0.0049196546324784, 0.00187537184845518, 0.0360496664124161]

PWM Scoring
----------------
A: [-2.8630955292400024, -3.678386478032314, -3.022941325513323, -2.1249071429736697, -5.545502331718845, 0.3764202387486457, -1.3467863229726205, -2.635888817190487, -1.4810907480917435]
C: [0.6412955375281828, 1.491378550638741, 1.4680849944326013, 0.04152202280803652, -5.545502331718845, -0.30154232662075103, -2.5507166976312323, -2.594979260523886, 0.944475386306368]
G: [0.9891062871343594, -1.4084173095545036, -1.5828841702044893, -0.8582256276882528, 1.4641387738764957, 0.6116648406449325, 1.465992466992272, 1.5290723635245231, 0.5511632821365307]
T: [-2.335498568781419, -2.8600534054685998, -2.0040828132402995, 0.8159385398373655, -1.0922238688424375, -2.06437953112451, -3.8777211779161855, -4.574984906827753, -2.0638955076042445]
